Training size: 50,000 | Layer size: [30, 30]
    6-7      8-9      10-11    12-13    14-15    16-17    18-19
2 | 0.9911 | 0.9716 | 0.9391 | 0.9515 | 0.9158 | 0.9220 | 0.8947
3 | 0.9907 | 0.9663 | 0.9263 | 0.8911 | 0.8367 | 0.7409 | 0.7864
4 | 0.9920 | 0.9702 | 0.9420 | 0.8956 | 0.8024 | 0.8478 | 0.7836
5 | 0.9898 | 0.9568 | 0.9047 | 0.8269 | 0.8302 | 0.5739 | 0.5312

Training size: 50,000 | Layer size: [60, 60]
    6-7      8-9      10-11    12-13    14-15    16-17    18-19
2 | 0.9919 | 0.9725 | 0.9581 | 0.9412 | 0.9360 | 0.9191 | 0.9065
3 | 0.9922 | 0.9690 | 0.9414 | 0.9182 | 0.8885 | 0.8436 | 0.7905
4 | 0.9936 | 0.9746 | 0.9453 | 0.9200 | 0.8241 | 0.8215 | 0.7786
5 | 0.9926 | 0.9725 | 0.9490 | 0.9095 | 0.8059 | 0.7720 | 0.7118

Training size: 50,000 | Layer size: [10, 10, 10]
    6-7      8-9      10-11    12-13    14-15    16-17    18-19
2 | 0.9833 | 0.9607 | 0.9155 | 0.8277 | 0.8386 | 0.8694 | 0.7662
3 | 0.9787 | 0.9068 | 0.8635 | 0.7842 | 0.5995 | 0.6145 | 0.6363
4 | 0.9857 | 0.9318 | 0.9016 | 0.8410 | 0.4643 | 0.2464 | 0.5046
5 | 0.9875 | 0.9310 | 0.8429 | 0.7372 | 0.5737 | 0.6169 | 0.3276
